0,0,0,0,0,0,0,0,0,0,0,0,0,0,0,0,0,0,0,0,0,0,0,0,0,0,0,0,0,0,0,0,0,0,0,0,0,0,0,0,0,6,0,0,0,0,0,0,0,0,0,0,0,0,0,0,0,0,0,0,0,0,0,0,0,0,0,0,0,0,0,0,0,0,0,0,0,0,0,0,0,0,0,0,0,0,0,0,0,0,0,0,0,0,0,0,0,0,0,0,0,0,0,0,0,0,0,0,0,0,0,0,0,0,0,0,0,0,0,0,0,0,0,0,0,0,0,0
0,0,0,0,0,0,0,0,0,0,0,0,0,0,0,0,0,0,0,0,0,0,0,0,0,0,0,0,0,0,0,0,0,0,0,0,0,0,0,0,6,5,6,0,0,0,0,0,0,0,0,0,0,0,0,0,0,0,0,0,0,0,0,0,0,0,0,0,0,0,0,0,0,0,0,0,0,0,0,0,0,0,0,0,0,0,0,0,0,0,0,0,0,0,0,0,0,0,0,0,0,0,0,0,0,0,0,0,0,0,0,0,0,0,0,0,0,0,0,0,0,0,0,0,0,0,0,0
0,0,0,0,0,0,0,0,0,0,0,0,0,0,0,0,0,0,0,0,0,0,0,0,0,0,0,0,0,0,0,0,0,0,0,0,0,0,0,0,6,5,6,0,0,0,0,0,0,0,0,0,0,0,0,0,0,0,0,0,0,0,0,0,0,0,0,0,0,0,0,0,0,0,0,0,0,0,0,0,0,0,0,0,0,0,0,0,0,0,0,0,0,0,0,0,0,0,0,0,0,0,0,0,0,0,0,0,0,0,0,0,0,0,0,0,0,0,0,0,0,0,0,0,0,0,0,0
0,0,0,0,6,0,0,0,0,0,0,0,0,0,0,0,0,0,0,0,0,0,0,0,0,0,0,0,0,0,0,0,0,0,0,0,0,0,0,0,0,5,0,0,0,0,0,0,0,0,0,0,0,0,0,0,0,0,0,0,0,0,0,0,0,0,0,0,5,5,5,0,0,0,0,0,0,6,0,0,0,0,0,0,0,0,0,0,0,0,0,0,0,0,0,0,0,0,0,0,0,0,0,0,0,0,0,0,0,0,0,0,0,0,0,0,0,0,0,0,0,0,0,0,0,0,0,0
0,0,0,6,5,6,0,0,0,0,0,0,0,0,0,0,0,0,0,0,0,0,0,0,0,0,0,0,0,0,0,0,0,0,0,0,0,0,0,0,0,5,0,0,0,0,0,0,0,0,0,0,0,0,0,0,0,0,0,0,0,0,0,0,0,0,0,5,0,19,0,5,0,0,0,0,6,5,6,0,0,0,0,0,0,0,0,0,0,0,0,0,0,0,0,0,0,0,0,0,0,0,0,0,0,0,0,0,0,0,0,0,0,0,0,0,0,0,0,0,0,0,0,0,6,0,0,0
0,0,0,6,5,6,0,0,0,0,0,0,0,0,0,0,0,0,0,0,0,0,0,0,0,0,0,0,0,0,0,0,0,0,0,0,0,0,0,0,4,4,4,0,0,0,0,0,5,5,5,0,0,0,0,0,0,0,0,0,0,0,0,0,0,0,0,5,0,0,0,5,0,0,0,0,6,5,6,0,0,0,0,0,0,5,5,5,0,0,0,0,0,0,0,0,0,0,0,0,0,0,6,0,0,0,0,0,0,0,0,0,0,0,0,0,0,0,0,0,0,0,0,6,5,6,0,0
0,0,0,0,5,0,0,0,0,0,0,0,0,0,0,0,0,0,0,0,0,0,0,0,0,0,0,0,0,0,0,0,0,0,0,0,0,4,4,4,1,1,1,4,0,0,0,5,0,19,0,5,0,0,0,0,0,0,0,0,0,0,0,0,0,0,0,20,0,26,0,20,0,0,0,0,0,5,0,0,0,0,0,0,5,0,19,0,5,0,0,0,0,0,0,0,0,0,0,0,0,6,5,6,0,0,0,0,0,0,0,0,8,0,8,0,8,0,0,0,0,0,0,6,5,6,0,0
0,0,0,0,5,0,0,0,0,0,0,0,0,0,0,0,0,0,0,0,0,0,0,0,0,0,0,0,0,9,0,0,0,0,0,4,4,1,1,1,1,1,1,1,4,0,0,5,0,0,0,5,0,0,0,0,0,0,0,0,0,0,0,0,0,0,4,4,4,4,4,4,4,0,0,0,0,5,0,0,0,0,0,0,5,0,0,0,5,0,0,0,0,0,0,0,0,0,0,0,0,6,5,6,0,0,0,9,0,4,4,4,4,4,4,4,4,4,4,4,0,0,0,0,5,0,0,0
0,0,4,4,4,4,4,0,0,8,0,8,0,8,0,0,0,0,0,0,0,0,0,0,0,0,0,0,0,4,4,4,4,4,4,1,1,1,1,1,1,1,1,1,1,4,0,20,0,26,0,20,0,0,0,0,0,0,0,0,0,0,0,0,0,4,1,1,1,1,1,1,1,4,4,4,4,4,4,4,4,4,4,0,20,0,26,0,20,0,0,0,0,0,0,0,0,0,0,0,0,0,5,0,0,0,0,4,4,1,1,1,1,1,1,1,1,1,1,1,4,4,9,0,5,0,0,0
0,4,1,1,1,1,1,4,4,4,4,4,4,4,4,0,0,0,0,0,0,0,0,0,0,9,0,0,4,1,1,1,1,1,1,1,1,17,1,1,1,1,16,1,1,1,4,4,4,4,4,4,4,0,9,0,9,0,9,0,9,0,9,0,4,1,1,1,17,1,1,1,1,1,1,1,1,1,1,1,1,1,1,4,4,4,4,4,4,4,0,0,8,0,0,0,0,0,0,0,0,0,5,0,0,4,4,1,1,1,1,1,1,16,1,1,1,1,1,1,1,1,4,4,4,4,4,0
4,1,1,1,17,1,1,1,1,1,1,1,1,1,1,4,4,4,3,3,3,3,3,3,3,4,4,4,1,1,1,1,1,1,1,1,1,1,1,1,1,1,1,1,1,1,1,1,1,1,1,1,1,3,4,3,4,3,4,3,4,3,4,3,1,1,1,1,1,1,1,1,1,1,1,1,1,1,1,1,17,1,1,1,1,1,1,1,1,1,4,4,4,4,3,3,3,3,3,3,3,4,4,4,4,1,1,1,1,1,1,1,1,1,1,1,1,1,1,1,1,1,1,1,1,1,1,4
1,1,1,1,1,1,1,1,1,1,1,1,1,1,1,1,1,1,1,1,1,1,1,1,1,1,1,1,1,1,1,1,1,1,1,1,1,1,1,1,1,1,1,1,1,1,1,1,1,1,1,1,1,1,1,1,1,1,1,1,1,1,1,1,1,1,1,1,1,1,1,1,1,1,1,1,1,1,1,1,1,1,1,1,1,1,1,1,1,1,1,1,1,1,1,1,1,1,1,1,1,1,1,1,1,1,1,1,1,1,1,1,1,1,1,1,1,1,1,1,1,1,1,1,1,1,1,1
